1087988895
1429568397
961404705
8258881698
7279899066
8007802758
1779980895
254755561
1429568397
961404705
8258881698
7279899066
8007802758
1779980895
1087988895
1429568397
961404705
8258881698
7279899066
8007802758
1779980895
4221
155559
1429568397
961404705
8258881698
7279899066
8007802758
1779980895
1087988895
1429568397
961404705
8258881698
56374527
95
171
522
5053
7297
95559
4221
155559
5737
421949
249
899433
2679
5884095
7279899066
8007802758
1779980895
1087988895
1429568397
961404705
8258881698
7279899066
8007802758
1779980895
8804392893
1677397293
155559
1429568397
961404705
8258881698
7279899066
8007802758
1779980895
1087988895
1429568397
961404705
8258881698
56374527
95
171
522
5053
7297
95559
4221
155559
5737
421949
249
899433
2679
5884095
7279899066
8007802758
1779980895
1087988895
1429568397
155559
1429568397
961404705
8258881698
7279899066
8007802758
1779980895
1087988895